[gd_scene load_steps=22 format=2]

[ext_resource path="res://levels/PressEnterToContinue.gd" type="Script" id=1]
[ext_resource path="res://CreateWalls.gd" type="Script" id=2]
[ext_resource path="res://characters/Creeper/creeper.glb" type="PackedScene" id=3]
[ext_resource path="res://environment/FloorTiles.meshlib" type="MeshLibrary" id=4]
[ext_resource path="res://ui/MainFont.tres" type="DynamicFont" id=5]
[ext_resource path="res://environment/SaltRing.tscn" type="PackedScene" id=6]
[ext_resource path="res://environment/furniture/ChinaHutch.tscn" type="PackedScene" id=7]
[ext_resource path="res://environment/furniture/WorkBench.tscn" type="PackedScene" id=8]
[ext_resource path="res://environment/furniture/Cupboard.tscn" type="PackedScene" id=9]
[ext_resource path="res://environment/furniture/EndTable.tscn" type="PackedScene" id=10]
[ext_resource path="res://environment/furniture/EndTableSq.tscn" type="PackedScene" id=11]
[ext_resource path="res://environment/furniture/Desk.tscn" type="PackedScene" id=12]
[ext_resource path="res://environment/furniture/SmallTable.tscn" type="PackedScene" id=13]
[ext_resource path="res://environment/furniture/Bookshelf.tscn" type="PackedScene" id=14]
[ext_resource path="res://environment/interactable/Key.tscn" type="PackedScene" id=15]
[ext_resource path="res://environment/interactable/Gate.tscn" type="PackedScene" id=16]
[ext_resource path="res://environment/interactable/Door.tscn" type="PackedScene" id=17]

[sub_resource type="Animation" id=5]
resource_name = "scrollin"
length = 3.0
tracks/0/type = "value"
tracks/0/path = NodePath(".:percent_visible")
tracks/0/interp = 1
tracks/0/loop_wrap = true
tracks/0/imported = false
tracks/0/enabled = true
tracks/0/keys = {
"times": PoolRealArray( 0, 3 ),
"transitions": PoolRealArray( 1, 1 ),
"update": 0,
"values": [ 0.0, 1.0 ]
}

[sub_resource type="Environment" id=2]
background_mode = 1

[sub_resource type="NavigationMesh" id=3]
vertices = PoolVector3Array( 1.2, 0.385111, -2.8, 1.2, 0.385111, 2.9, 3, 0.385111, 2.9, 3, 0.385111, -2.8 )
polygons = [ PoolIntArray( 3, 2, 0 ), PoolIntArray( 0, 2, 1 ) ]
agent/radius = 1.2
agent/max_climb = 0.1

[sub_resource type="Animation" id=4]
resource_name = "hover"
length = 2.0
loop = true
tracks/0/type = "value"
tracks/0/path = NodePath(".:translation")
tracks/0/interp = 2
tracks/0/loop_wrap = true
tracks/0/imported = false
tracks/0/enabled = true
tracks/0/keys = {
"times": PoolRealArray( 0, 1 ),
"transitions": PoolRealArray( 1, 1 ),
"update": 0,
"values": [ Vector3( 2, 1.44102, -2 ), Vector3( 2, 1.83957, -2 ) ]
}

[node name="World" type="Spatial" groups=[
"microphone",
]]
script = ExtResource( 1 )

[node name="CanvasLayer" type="CanvasLayer" parent="."]
layer = 2

[node name="Label" type="Label" parent="CanvasLayer"]
anchor_left = 0.5
anchor_top = 1.0
anchor_right = 0.5
anchor_bottom = 1.0
margin_left = -378.0
margin_top = -182.577
margin_right = 378.0
margin_bottom = -41.5774
custom_fonts/font = ExtResource( 5 )
text = "So you have defeated my haunted labryinth... I guess my vast hordes of unimaginable treasures are yours to keep, then.
-----------------------------
Press Enter to win"
align = 1
autowrap = true
__meta__ = {
"_edit_use_anchors_": false
}

[node name="AnimationPlayer" type="AnimationPlayer" parent="CanvasLayer/Label"]
autoplay = "scrollin"
anims/scrollin = SubResource( 5 )

[node name="WorldEnvironment" type="WorldEnvironment" parent="."]
environment = SubResource( 2 )

[node name="Navigation" type="Navigation" parent="."]

[node name="NavigationMeshInstance" type="NavigationMeshInstance" parent="Navigation"]
navmesh = SubResource( 3 )
script = ExtResource( 2 )

[node name="GridMap" type="GridMap" parent="Navigation/NavigationMeshInstance"]
mesh_library = ExtResource( 4 )
cell_size = Vector3( 4, 4, 4 )
cell_center_y = false
collision_layer = 0
collision_mask = 0
data = {
"cells": PoolIntArray( 0, 0, 536870912, 0, 65535, 536870912 )
}
__meta__ = {
"_editor_clip_": 0
}

[node name="SaltRing" parent="Navigation/NavigationMeshInstance" instance=ExtResource( 6 )]
transform = Transform( 1, 0, 0, 0, 1, 0, 0, 0, 1, 14, 0, 3 )

[node name="Furniture" type="Spatial" parent="Navigation/NavigationMeshInstance"]

[node name="SmallTable" parent="Navigation/NavigationMeshInstance/Furniture" instance=ExtResource( 13 )]
transform = Transform( 0.833789, 0.153869, -0.530207, 0, 0.960376, 0.278706, 0.552083, -0.232382, 0.800752, 3.45117, 2.23332, -1.51117 )

[node name="WorkBench" parent="Navigation/NavigationMeshInstance/Furniture" instance=ExtResource( 8 )]
transform = Transform( 1, 0, 0, 0, 1, 0, 0, 0, 1, 2.99385, 0, -3.55883 )

[node name="Bookshelf" parent="Navigation/NavigationMeshInstance/Furniture" instance=ExtResource( 14 )]
transform = Transform( 0.985923, 0, -0.167199, 0, 1, 0, 0.167199, 0, 0.985923, 1.03038, 0, -3.62912 )

[node name="ChinaHutch" parent="Navigation/NavigationMeshInstance/Furniture" instance=ExtResource( 7 )]
transform = Transform( 1, 0, 0, 0, 1, 0, 0, 0, 1, 15, 0, 6 )

[node name="Cupboard" parent="Navigation/NavigationMeshInstance/Furniture" instance=ExtResource( 9 )]
transform = Transform( 0.833163, 0, -0.553028, 0, 1, 0, 0.553028, 0, 0.833163, 3.1511, 0, -0.96086 )

[node name="Desk" parent="Navigation/NavigationMeshInstance/Furniture" instance=ExtResource( 12 )]
transform = Transform( 0.332145, 0, 0.943228, 0, 1, 0, -0.943228, 0, 0.332145, 0.721331, 0, -2.66541 )

[node name="EndTable" parent="Navigation/NavigationMeshInstance/Furniture" instance=ExtResource( 10 )]
transform = Transform( 0.842716, 0, -0.538359, 0, 1, 0, 0.538359, 0, 0.842716, 0.708548, 0, -0.491639 )

[node name="EndTableSq" parent="Navigation/NavigationMeshInstance/Furniture" instance=ExtResource( 11 )]
transform = Transform( 0.845681, 0, 0.533688, 0, 1, 0, -0.533688, 0, 0.845681, 0.731447, 0, -1.31 )

[node name="EndTableSq2" parent="Navigation/NavigationMeshInstance/Furniture" instance=ExtResource( 11 )]
transform = Transform( -0.544083, 8.21542e-08, 0.839032, -1.50996e-07, -1, 0, 0.839032, -1.2669e-07, 0.544083, 3.21701, 2.36813, -0.736032 )

[node name="Interactables" type="Spatial" parent="."]

[node name="Key" parent="Interactables" instance=ExtResource( 15 )]
transform = Transform( 1, 0, 0, 0, 1, 0, 0, 0, 1, 24, 0, 3 )

[node name="Gate" parent="Interactables" instance=ExtResource( 16 )]
transform = Transform( 1, 0, 0, 0, 1, 0, 0, 0, 1, 21, 0, 3 )

[node name="Door" parent="Interactables" instance=ExtResource( 17 )]
transform = Transform( 1, 0, 0, 0, 1, 0, 0, 0, 1, 17, 0, 3 )

[node name="DebugLight" type="DirectionalLight" parent="."]
transform = Transform( 0.97054, 0.087455, -0.224507, 0, 0.931799, 0.362975, 0.24094, -0.352282, 0.904348, -7.52279, 0, 0 )

[node name="HideOnStartTimer" type="Timer" parent="DebugLight"]
wait_time = 0.001
one_shot = true
autostart = true

[node name="Camera" type="Camera" parent="."]
transform = Transform( 1, 0, 0, 0, 1, 0, 0, 0, 1, 2, 2, 2 )
current = true

[node name="SpotLight" type="SpotLight" parent="Camera"]
transform = Transform( 1, 0, 0, 0, 1, 0, 0, 0, 1, 0.112166, -0.33199, 0 )
shadow_enabled = true
shadow_reverse_cull_face = true
spot_range = 58.5674
spot_attenuation = 1.62451
spot_angle = 31.1

[node name="OmniLight" type="OmniLight" parent="Camera"]
light_energy = 0.1

[node name="creeper" parent="." instance=ExtResource( 3 )]
transform = Transform( 0.3, 0, 0, 0, 0.3, 0, 0, 0, 0.3, 2, 1.67219, -2 )

[node name="AnimationPlayer" type="AnimationPlayer" parent="creeper"]
autoplay = "hover"
anims/hover = SubResource( 4 )
[connection signal="timeout" from="DebugLight/HideOnStartTimer" to="DebugLight" method="hide"]

[editable path="creeper"]
